[header]
width=102
height=22
tilewidth=64
tileheight=64
orientation=orthogonal
background_color=0,0,0,255

[tilesets]
tileset=Github/CS-3113/Final Project/NYUCodebase/Resources/tilesheet_complete.png,64,64,0,0

[layer]
type=Tile Layer 1
data=
0,0,0,0,0,0,0,0,0,0,0,0,0,0,0,0,0,0,0,0,0,0,0,0,0,0,0,0,0,0,0,0,0,0,0,0,0,0,0,0,0,0,0,0,0,0,0,0,0,0,0,0,0,0,0,0,0,0,0,0,0,0,0,0,0,0,0,0,0,0,0,0,0,0,0,0,0,0,0,0,0,0,0,0,0,0,0,0,0,0,0,0,0,0,0,0,0,0,0,0,0,0,
0,0,0,0,0,0,0,0,0,0,0,0,0,0,0,0,0,0,0,0,0,0,0,0,0,0,0,0,0,0,0,0,0,0,0,0,0,0,0,0,0,0,0,0,0,0,0,0,0,0,0,0,0,0,0,0,0,0,0,0,0,0,0,0,0,0,0,0,0,0,0,0,0,0,0,0,0,0,0,0,0,0,0,0,0,0,0,0,0,0,0,0,0,0,0,0,0,0,0,0,0,0,
0,0,0,0,0,0,0,0,0,0,0,0,0,0,0,0,0,0,0,0,0,0,0,0,0,0,0,0,0,0,0,0,0,0,0,0,0,0,0,0,0,0,0,0,0,0,0,0,0,0,0,0,0,0,0,0,0,0,0,0,0,0,0,0,0,0,0,0,0,0,0,0,0,0,0,0,0,0,0,0,0,0,0,0,0,0,0,0,0,0,0,0,0,0,0,0,0,0,0,0,0,0,
0,0,0,0,0,0,0,0,0,0,0,0,0,0,0,0,0,0,0,0,0,0,0,0,0,0,0,0,0,0,0,0,0,0,0,0,0,0,134,135,136,0,0,134,135,135,135,135,135,135,135,135,135,135,135,135,135,135,135,135,135,135,135,135,135,135,136,0,0,0,0,0,0,0,0,0,0,0,0,0,0,0,0,0,0,0,0,0,0,0,0,0,0,0,0,0,0,0,0,0,0,0,
0,0,0,0,0,0,0,0,0,0,0,0,0,0,0,0,0,0,0,0,0,0,0,0,0,0,0,0,0,0,0,0,0,0,0,0,0,0,133,133,133,0,0,133,133,133,133,133,133,133,133,133,133,133,133,133,133,133,133,133,133,133,133,133,133,133,133,0,0,0,0,0,0,0,0,0,0,0,0,0,0,0,0,0,0,0,0,0,0,0,0,0,0,0,0,0,0,0,0,0,0,0,
0,0,0,0,0,0,0,0,0,0,0,0,0,0,0,0,0,0,0,0,0,0,0,0,0,0,0,0,0,0,0,0,0,0,0,0,0,0,133,133,133,0,0,133,133,133,133,133,133,133,133,133,0,0,0,133,133,133,133,133,133,133,133,133,133,133,133,0,0,0,0,0,0,0,0,0,0,0,0,0,0,0,0,0,0,0,0,0,0,0,0,0,0,0,0,0,0,0,0,0,0,0,
0,0,0,0,0,0,0,0,0,0,0,0,0,0,0,0,0,0,0,0,0,0,0,0,0,0,0,0,0,0,0,0,0,0,0,0,0,0,133,133,133,0,0,133,133,133,133,133,133,133,133,133,0,0,0,133,133,133,133,133,133,133,133,133,133,133,133,0,0,0,0,0,0,0,0,0,0,0,0,0,0,0,0,0,0,0,0,0,0,0,0,143,0,0,143,0,0,0,0,0,0,0,
0,0,0,0,0,0,0,0,0,0,0,0,0,0,0,0,0,0,0,0,0,0,0,0,0,0,0,0,0,0,0,0,0,0,0,0,0,0,133,133,133,0,0,133,133,133,133,133,133,133,133,133,0,0,0,133,133,133,133,133,133,133,133,133,133,133,133,0,0,0,0,0,0,0,0,0,0,0,0,0,0,0,0,0,0,0,0,0,0,0,205,205,205,205,205,0,0,0,0,0,0,0,
0,0,0,0,10,0,0,0,10,0,0,0,0,0,0,0,0,0,0,0,0,0,0,0,0,0,0,0,0,0,0,0,0,0,0,0,0,0,133,133,133,0,0,133,133,133,0,0,0,0,0,0,0,0,0,0,0,0,0,0,0,0,0,133,133,0,0,0,0,0,0,0,143,0,0,0,0,0,0,0,0,0,0,0,0,0,0,0,0,0,0,0,0,0,0,0,0,0,0,0,0,0,
0,0,0,0,2,3,3,3,4,0,0,0,0,0,0,0,0,0,0,0,0,0,0,0,0,0,0,0,0,0,0,0,0,0,0,0,0,0,133,133,133,0,0,133,133,133,0,0,0,0,0,0,0,0,0,0,0,0,0,0,0,0,0,133,133,0,0,0,0,0,0,205,205,205,205,205,0,0,0,0,0,0,0,0,0,0,0,0,0,0,0,0,0,0,0,0,0,0,0,0,0,0,
0,0,0,0,1,1,1,1,0,0,0,194,0,0,0,0,0,0,0,0,0,0,0,0,0,0,0,0,0,0,0,0,0,0,0,0,0,0,133,133,133,0,0,133,133,133,0,0,0,0,0,0,0,0,0,0,0,0,0,0,0,0,0,133,133,0,0,0,0,0,0,0,0,0,0,0,0,0,0,0,0,0,0,0,0,0,143,0,0,0,0,0,0,0,0,0,0,0,0,0,0,0,
0,0,0,0,1,1,1,0,0,0,0,194,194,0,0,0,0,0,0,0,0,0,0,0,0,0,0,0,0,0,0,10,0,0,0,0,0,0,133,133,133,0,0,133,133,133,0,100,0,0,0,100,0,0,0,100,0,0,0,0,0,0,0,133,161,135,135,135,0,0,0,0,0,0,0,0,0,0,0,0,0,0,0,0,0,200,201,202,0,0,0,0,0,0,0,0,0,0,0,0,0,0,
0,0,0,0,1,1,0,0,0,0,0,194,194,194,0,0,0,0,0,0,0,0,0,0,0,0,0,0,0,0,6,7,7,8,0,0,0,0,133,133,133,0,0,133,133,161,135,135,135,135,135,135,135,135,135,135,136,0,0,0,0,0,0,0,0,0,0,0,0,0,0,0,0,0,0,0,0,0,0,0,0,0,0,0,0,199,199,199,0,0,0,0,0,0,0,0,0,143,0,0,0,0,
0,0,0,0,1,0,0,0,0,0,0,194,194,194,194,0,0,0,0,0,0,0,10,0,0,0,0,0,0,0,0,0,0,0,0,0,0,0,133,133,133,0,0,133,133,133,133,133,133,133,133,133,133,133,133,133,133,0,0,0,0,0,0,0,0,0,0,0,0,0,0,0,0,0,0,0,0,0,143,0,0,0,0,0,0,199,199,199,0,0,0,0,0,0,0,200,201,202,0,0,0,0,
0,0,0,0,0,0,0,0,0,0,0,2,3,3,3,3,4,0,0,0,0,2,3,3,3,4,0,0,0,0,0,0,0,0,0,0,0,0,133,133,133,0,0,0,0,0,0,0,0,0,0,0,0,133,133,133,133,0,0,0,0,0,0,0,0,0,0,0,0,0,0,0,0,0,0,205,205,205,205,205,0,0,0,0,0,199,199,199,0,0,0,0,0,0,0,199,199,199,0,0,0,0,
0,0,0,0,0,0,0,0,0,0,0,0,0,0,0,0,0,0,0,0,0,1,1,1,1,1,0,0,0,0,0,0,0,0,0,0,0,0,133,133,133,0,0,0,0,0,0,0,0,0,0,0,0,0,0,0,0,0,0,0,0,0,0,100,0,0,0,0,0,0,0,0,0,0,0,0,0,0,0,0,0,0,0,143,0,199,199,199,0,0,0,0,0,0,0,199,199,199,0,0,0,0,
0,0,0,0,0,0,0,0,0,0,0,0,0,0,0,0,0,0,0,0,0,1,1,1,1,1,0,0,0,0,0,0,10,0,0,0,0,0,133,133,133,0,0,0,0,0,0,0,0,0,0,0,0,0,0,0,0,0,0,0,0,0,134,135,136,0,0,0,0,0,0,0,0,0,0,0,0,0,0,0,0,0,200,201,201,226,199,199,0,0,0,0,0,0,205,205,205,205,205,0,0,0,
0,0,10,0,0,0,10,0,0,0,10,0,0,0,0,0,0,10,0,0,0,1,1,1,1,1,0,0,0,0,2,3,3,4,0,0,0,0,133,133,133,0,0,0,100,0,0,0,100,0,0,0,100,0,0,0,100,0,0,0,100,0,133,133,133,0,100,0,0,0,0,0,0,0,0,0,0,0,0,0,0,0,199,199,199,199,199,199,0,0,0,0,0,0,0,0,0,0,0,0,0,0,
2,3,3,3,3,3,3,3,3,3,3,4,0,0,0,0,2,3,3,3,3,28,1,1,1,1,0,0,0,0,1,1,1,1,0,0,0,0,133,133,161,135,135,135,135,135,135,135,135,135,135,135,135,135,135,135,135,135,135,135,135,135,160,133,161,135,135,136,0,0,0,0,0,0,0,0,0,0,0,0,0,0,199,199,199,199,199,199,0,0,0,0,0,0,0,0,0,0,0,0,0,0,
1,1,1,1,1,1,1,1,1,1,1,1,0,0,0,0,1,1,1,1,1,1,1,1,1,1,0,0,0,0,1,1,1,1,0,0,100,0,133,133,133,133,133,133,133,133,133,133,133,133,133,133,133,133,133,133,133,133,133,133,133,133,133,133,133,133,133,133,0,0,0,0,0,143,0,0,143,0,0,0,0,0,199,199,199,199,199,199,0,0,0,0,0,143,0,0,143,0,0,0,0,0,
1,1,1,1,1,1,1,1,1,1,1,1,0,0,0,0,1,1,1,1,1,1,1,1,1,1,0,0,0,0,1,1,135,135,135,135,135,135,160,133,133,133,133,133,133,133,133,133,133,133,133,133,133,133,133,133,133,133,133,133,133,133,133,133,133,133,133,133,0,0,0,0,205,205,205,205,205,205,0,0,0,0,199,199,199,199,199,199,0,0,0,205,205,205,205,205,205,205,0,0,0,0,
1,1,1,1,1,1,1,1,1,1,1,1,0,0,0,0,1,1,1,1,1,1,1,1,1,1,0,0,0,0,1,1,133,133,133,133,133,133,133,133,133,133,133,133,133,133,133,133,133,133,133,133,133,133,133,133,133,133,133,133,133,133,133,133,133,133,133,133,0,0,0,0,0,0,0,0,0,0,0,0,0,0,199,199,199,199,199,199,0,0,0,0,0,0,0,0,0,0,0,0,0,0

[Object Layer]
type=playerRed
location=3,17,1,1

[Object Layer]
type=enemyWalking
location=18,17,1,1

[Object Layer]
type=enemyWalking
location=31,16,1,1

[Object Layer]
type=spider
location=49,11,1,1

[Object Layer]
type=spider
location=49,17,1,1

[Object Layer]
type=spider
location=63,15,1,1

[Object Layer]
type=spider
location=86,10,1,1

[Object Layer]
type=spider
location=73,8,1,1

[Object Layer]
type=spider
location=96,12,1,1

[Object Layer]
type=spider
location=74,19,1,1

[Object Layer]
type=keyGreen
location=46,11,1,1

[Object Layer]
type=enemyWalking
location=23,13,1,1

[Object Layer]
type=ghost
location=60,11,1,1

[Object Layer]
type=enemyFlying
location=18,8,1,1

[Object Layer]
type=enemyWalking
location=83,15,1,1

