[header]
width=102
height=50
tilewidth=64
tileheight=64
orientation=orthogonal
background_color=0,0,0,255

[tilesets]
tileset=Github/CS-3113/Final Project/NYUCodebase/Resources/tilesheet_complete.png,64,64,0,0

[layer]
type=Tile Layer 1
data=
134,135,136,0,0,0,134,135,135,135,135,135,135,135,135,135,135,135,135,135,135,135,135,135,135,135,135,135,135,135,135,135,135,135,135,135,135,135,135,135,135,135,135,135,135,135,135,135,135,135,135,135,135,135,135,135,135,135,135,135,135,135,135,135,135,135,135,135,135,135,135,135,135,135,135,135,135,135,135,135,135,135,135,135,135,135,135,135,135,135,135,135,135,135,135,135,135,135,135,135,135,136,
133,133,133,0,0,0,133,133,133,133,133,133,133,133,133,133,133,133,133,133,133,133,133,133,133,133,133,133,133,133,133,133,133,133,133,133,133,133,133,133,133,133,133,133,133,133,133,133,133,133,133,133,133,133,133,133,133,133,133,133,133,133,133,133,133,133,133,133,133,133,133,133,133,133,133,133,133,133,133,133,133,133,133,133,133,133,133,133,133,133,133,133,133,133,133,133,133,133,133,133,133,133,
133,133,133,0,0,0,133,133,133,133,133,133,133,133,133,133,133,133,133,133,133,133,133,133,133,133,133,133,133,133,133,133,133,133,133,133,133,133,133,133,133,133,133,133,133,133,133,133,133,133,133,133,133,133,133,133,133,133,133,133,133,133,133,133,133,133,133,133,133,133,133,133,133,133,133,133,133,133,133,133,133,133,133,133,133,133,133,133,133,133,133,133,133,133,133,133,133,133,133,133,133,133,
133,133,133,0,0,0,133,133,133,133,133,133,133,133,133,133,133,133,133,133,133,133,133,133,133,133,133,133,133,133,133,133,133,133,133,133,133,133,133,133,133,133,133,133,133,133,133,133,133,133,133,133,133,133,133,133,133,133,133,133,133,133,133,133,133,133,133,133,133,133,133,133,133,133,133,133,133,133,133,133,133,133,133,133,133,133,133,133,133,133,133,133,133,133,133,133,133,133,133,133,133,133,
133,133,133,0,0,0,133,133,133,133,133,133,133,133,133,133,133,133,133,133,133,133,133,133,133,133,133,133,133,133,133,133,133,133,133,133,133,133,133,133,133,133,133,133,133,133,133,133,133,133,133,133,133,133,133,133,133,133,133,133,133,133,133,133,133,133,133,133,133,133,133,133,133,133,133,133,133,133,133,133,133,133,133,133,133,133,133,133,133,133,133,133,133,133,133,133,133,133,133,133,133,133,
133,133,133,0,0,0,133,133,133,133,133,133,133,133,133,133,133,133,133,133,133,133,133,133,133,133,133,133,133,133,133,133,133,133,133,133,133,133,133,133,133,133,133,133,133,133,133,133,133,133,133,133,133,133,133,133,133,133,133,133,133,133,133,133,133,133,133,133,133,133,133,133,133,133,133,133,133,133,133,133,133,133,133,133,133,133,133,133,133,133,133,133,133,133,133,133,133,133,133,133,133,133,
133,133,133,0,0,0,133,133,133,133,133,133,133,133,133,133,133,133,133,133,133,133,133,133,133,133,133,133,133,133,133,133,133,133,133,133,133,133,133,133,133,133,133,133,133,133,133,133,133,133,133,133,133,133,133,133,133,133,133,133,133,133,133,133,133,133,133,133,133,133,133,133,133,133,133,133,133,0,0,0,0,0,0,0,0,0,0,0,0,0,0,0,0,0,0,0,0,133,133,133,133,133,
133,133,133,0,0,0,133,133,133,133,133,133,133,133,133,133,133,133,133,133,133,133,133,133,133,133,133,133,133,133,133,133,133,133,133,133,133,133,133,133,133,133,133,133,133,133,133,133,133,133,133,133,133,133,133,133,133,133,133,133,133,133,133,133,133,133,133,133,133,133,133,133,133,133,133,133,133,0,100,0,0,0,0,0,0,0,0,0,0,0,0,0,0,0,0,0,0,133,133,133,133,133,
133,133,133,0,0,0,133,133,133,133,133,133,133,133,133,133,133,133,133,133,133,133,133,133,133,133,133,133,133,133,133,133,133,133,133,133,133,133,133,133,133,133,133,133,133,133,133,133,133,133,133,133,133,133,133,133,133,133,133,133,133,133,133,133,133,133,133,133,133,133,133,133,133,133,133,133,161,135,135,136,0,0,0,0,100,0,0,0,100,0,0,0,100,0,0,0,0,133,133,133,133,133,
133,133,133,0,0,0,133,133,133,133,133,133,133,133,133,133,133,133,133,133,133,133,133,133,133,133,133,133,133,133,133,133,133,133,133,133,133,133,133,133,133,133,133,133,133,133,133,133,133,133,133,133,133,133,133,133,133,133,133,133,133,133,133,133,133,133,133,133,133,133,133,133,133,133,133,133,133,133,133,133,0,0,0,134,135,135,135,135,135,135,135,135,135,136,0,0,0,133,133,133,133,133,
133,133,133,0,0,0,133,133,133,133,133,133,133,133,133,133,133,133,133,133,133,133,133,133,133,133,133,133,133,133,133,133,133,133,133,133,133,133,133,133,133,133,133,133,133,133,133,133,133,133,133,133,133,133,133,133,133,133,133,133,133,133,133,133,133,133,133,133,133,133,133,133,133,133,133,133,133,133,133,133,0,0,0,133,133,133,133,133,133,133,133,133,133,133,0,0,0,133,133,133,133,133,
133,133,133,0,0,0,133,133,133,133,133,133,133,133,133,133,133,133,133,133,133,133,133,133,133,133,133,133,133,133,133,133,133,133,133,133,133,133,133,133,133,133,133,133,133,133,133,133,133,133,133,133,133,133,133,133,133,133,133,133,133,133,133,133,133,133,133,133,133,133,133,133,133,133,133,133,133,133,133,133,0,0,0,133,133,133,133,133,133,133,133,133,133,133,0,0,0,133,133,133,133,133,
133,133,133,0,0,0,133,133,133,133,133,133,133,133,133,133,133,133,133,133,133,133,133,133,133,133,133,133,133,133,133,133,133,133,133,133,133,133,133,133,133,133,133,133,133,133,0,0,0,0,0,0,0,0,0,0,0,0,0,0,0,0,0,0,0,0,0,0,0,0,0,0,0,0,0,0,0,0,133,133,0,0,0,133,133,133,133,133,133,133,133,133,133,133,0,0,0,133,133,133,133,133,
133,133,133,0,0,0,133,133,133,133,133,133,133,133,133,133,133,133,133,133,133,133,133,133,133,133,133,133,133,133,133,133,133,133,133,133,133,133,133,133,133,133,133,133,133,133,0,0,0,0,0,0,0,0,0,0,0,0,0,0,0,0,0,0,0,0,0,0,0,0,0,0,0,0,0,0,0,0,133,133,0,0,0,133,133,133,133,133,133,133,133,133,133,133,0,0,0,133,133,133,133,133,
133,133,133,0,0,0,133,133,133,133,133,133,133,133,133,133,133,133,133,133,133,133,133,133,133,133,133,133,133,133,133,133,133,133,133,133,133,133,133,133,133,133,133,133,133,133,0,0,0,0,0,0,0,0,0,0,0,0,0,0,0,0,0,0,0,0,0,0,0,0,0,0,0,0,0,0,0,0,133,133,0,0,0,133,133,133,133,133,133,133,133,133,133,133,0,0,0,133,133,133,133,133,
133,133,133,0,0,0,133,133,133,133,133,133,133,133,133,133,133,133,133,133,133,133,133,133,133,133,133,133,133,133,133,133,133,133,133,133,133,133,133,133,133,133,133,133,133,133,0,0,0,0,0,0,0,0,0,0,0,0,0,0,0,0,0,0,0,0,0,0,0,0,0,0,0,0,0,0,0,0,133,133,0,0,0,133,133,0,0,0,0,0,0,0,0,0,0,0,0,0,0,0,0,0,
133,133,133,0,0,0,133,133,133,133,133,133,133,133,133,133,133,133,133,133,133,133,133,133,133,133,133,133,133,133,133,133,133,133,133,133,133,133,133,133,133,133,133,133,133,133,0,131,0,0,0,0,0,0,0,0,0,0,0,0,0,0,0,0,0,0,0,0,0,0,0,0,0,0,0,0,0,0,133,133,0,0,0,0,0,0,0,0,0,100,0,0,0,0,0,0,0,0,0,0,0,0,
133,133,133,0,0,0,133,133,133,133,133,133,133,133,133,133,133,133,133,133,133,133,133,133,133,133,133,133,133,133,133,133,133,133,133,133,133,133,133,133,133,133,133,133,133,133,100,153,0,0,100,0,0,0,100,0,0,0,0,0,0,0,0,0,0,0,0,0,0,0,0,0,0,0,0,0,0,0,0,0,0,0,0,0,0,0,0,0,134,135,136,0,0,100,0,0,0,100,0,0,0,100,
133,133,133,0,0,0,133,133,133,133,133,133,133,133,133,133,133,133,133,133,133,133,133,133,133,133,133,133,133,133,133,133,133,133,133,133,133,133,133,133,133,133,133,133,133,161,135,135,135,135,135,135,135,135,136,0,0,0,0,0,0,0,0,0,0,0,0,0,0,0,0,0,0,0,0,0,0,100,0,0,0,0,100,0,0,0,0,0,133,133,161,135,135,135,135,135,135,135,135,135,135,136,
133,133,133,0,0,0,133,133,133,133,133,133,133,133,133,133,133,133,133,133,133,133,133,133,133,133,133,133,133,133,133,133,133,133,133,133,133,133,133,133,133,133,133,133,133,133,133,133,133,133,133,133,133,133,133,0,0,0,0,0,0,0,0,0,0,0,0,0,0,0,0,0,0,0,0,134,135,135,135,135,135,135,135,135,136,0,0,0,0,0,0,0,0,0,0,0,0,0,0,0,0,0,
133,133,133,0,0,0,133,133,133,133,133,133,133,133,133,133,133,133,133,133,133,133,133,133,133,133,133,133,133,133,133,133,133,133,133,133,133,133,133,133,133,133,133,133,133,133,133,133,133,133,133,133,133,133,161,135,136,0,0,0,0,0,0,0,0,0,0,0,0,0,0,0,0,0,0,133,133,133,133,133,133,133,133,133,133,0,0,0,0,0,0,0,0,0,0,0,0,0,0,0,0,0,
133,133,133,0,0,0,133,133,133,133,133,133,133,133,133,133,133,133,133,133,133,133,133,133,133,133,133,133,133,133,133,133,133,133,133,133,133,133,133,133,133,133,133,133,133,133,133,133,133,133,133,133,133,133,133,133,133,0,100,0,0,0,100,0,0,0,100,0,0,0,0,0,0,0,0,133,133,133,133,133,133,133,133,133,133,0,0,0,100,0,0,0,100,0,0,0,0,0,0,0,100,0,
133,133,133,0,0,0,133,133,133,133,133,133,133,133,133,133,133,133,133,133,133,133,133,133,133,133,133,133,133,133,133,133,133,133,133,133,133,133,133,133,133,133,133,133,133,133,133,133,133,133,133,133,133,133,133,161,135,135,135,135,135,135,135,135,135,135,135,135,136,0,0,0,0,0,0,133,133,133,133,133,133,133,133,133,133,0,0,0,134,135,135,135,135,135,136,0,0,0,134,135,135,136,
133,133,133,0,0,0,133,133,133,133,133,133,133,133,133,133,133,133,133,133,133,133,133,133,133,133,133,133,133,133,133,133,133,133,133,133,133,133,133,133,133,133,133,133,133,133,133,133,133,133,133,133,133,133,133,133,133,133,133,133,133,133,133,133,133,133,133,133,133,0,0,0,0,0,0,0,0,0,0,0,0,0,0,0,0,0,0,0,133,133,133,133,133,133,133,0,0,0,133,133,133,133,
133,133,133,0,0,0,133,133,133,133,133,133,0,0,0,0,0,0,0,0,0,0,0,0,0,0,0,0,0,0,0,0,0,133,133,133,133,133,133,133,133,133,133,133,133,133,133,133,133,133,133,133,133,133,133,133,133,133,133,133,133,133,133,133,133,133,133,133,133,0,0,0,100,0,0,0,100,0,0,0,0,0,0,0,0,0,0,0,133,133,133,133,133,133,133,0,0,0,133,133,133,133,
133,133,133,0,0,0,133,133,133,133,133,133,0,0,0,0,0,0,0,0,0,0,0,0,0,0,0,0,0,0,0,0,0,133,133,133,133,133,133,133,133,133,133,133,133,133,133,133,133,133,133,133,133,133,133,133,133,133,133,133,133,133,133,133,133,133,133,133,133,0,0,134,135,135,135,135,135,135,136,0,0,0,0,0,0,0,0,0,133,133,133,133,133,133,133,0,0,0,133,133,133,133,
133,133,133,0,0,0,133,133,133,133,133,133,0,0,0,0,0,0,0,0,0,0,0,0,0,0,0,0,0,0,0,0,0,133,133,133,133,133,133,133,133,133,133,133,133,133,133,133,133,133,133,133,133,133,133,133,133,133,133,133,133,133,133,133,133,133,133,133,133,0,0,133,133,133,133,133,133,133,133,0,0,0,0,0,0,0,0,0,133,133,133,133,133,133,133,0,0,0,133,133,133,133,
133,133,133,0,0,0,133,133,133,133,133,133,0,0,0,0,100,0,0,0,0,0,0,0,0,0,0,100,0,0,0,0,0,133,133,133,133,133,133,133,133,133,133,133,133,133,133,133,133,133,133,133,133,133,133,133,133,133,133,133,133,133,133,133,133,133,133,133,133,0,0,133,133,133,133,133,133,133,133,0,0,0,0,0,0,0,0,0,133,133,133,133,133,133,133,0,0,0,133,133,133,133,
133,133,133,0,0,0,133,133,133,133,133,133,0,0,0,134,135,136,0,0,100,0,0,100,0,0,134,135,136,0,0,0,0,133,133,133,133,133,133,133,133,133,133,133,133,133,133,133,133,133,133,133,133,133,133,133,133,133,133,133,133,133,133,133,133,133,133,133,133,0,0,0,0,0,0,0,0,0,0,0,0,0,0,0,0,0,0,0,133,133,133,133,133,133,133,0,0,0,133,133,133,133,
133,133,133,0,0,0,133,133,133,133,133,133,0,0,0,133,133,133,0,0,134,135,135,136,0,0,133,133,133,0,0,0,0,0,0,0,0,0,0,0,0,0,0,0,0,0,0,0,0,0,0,0,0,0,0,0,0,0,0,0,0,0,0,0,0,133,133,133,133,0,0,0,0,0,0,0,0,0,0,0,0,0,0,0,0,0,0,0,0,0,0,0,133,133,133,0,0,0,133,133,133,133,
133,133,133,0,0,0,133,133,133,133,133,133,0,0,0,133,133,133,0,0,133,133,133,133,0,0,133,133,133,0,0,0,0,0,0,0,0,0,0,0,0,0,0,0,0,0,0,0,0,0,0,0,0,0,0,0,0,0,0,0,0,0,0,0,0,133,133,133,133,0,0,0,0,0,0,0,0,0,0,0,0,0,0,0,0,0,0,0,0,0,0,0,133,133,133,0,0,0,133,133,133,133,
133,133,133,0,0,0,133,133,133,133,133,133,0,0,0,133,133,133,0,0,0,0,0,0,0,0,133,133,133,0,0,0,0,0,0,0,0,0,0,0,0,0,0,0,0,0,0,0,0,0,0,0,0,0,0,0,0,0,0,0,0,0,0,0,0,133,133,133,133,0,0,0,0,0,0,0,0,0,0,0,0,0,0,0,0,0,0,0,0,0,0,0,133,133,133,0,0,0,133,133,133,133,
133,133,133,0,0,0,133,133,133,133,133,133,0,0,0,133,133,133,0,100,0,0,0,100,0,0,133,133,133,0,0,0,0,0,0,0,0,0,0,100,0,0,0,0,0,0,100,0,0,0,0,0,0,0,0,0,0,0,0,0,0,0,0,0,0,0,0,0,0,0,0,0,0,0,0,0,0,0,0,0,0,0,0,0,0,0,0,0,0,0,0,0,133,133,133,0,0,0,133,133,133,133,
133,133,133,0,0,0,133,133,133,133,133,133,0,0,0,133,133,161,135,135,135,135,135,135,135,135,160,133,133,0,0,0,0,0,0,0,0,0,134,135,136,0,0,0,0,134,135,135,136,0,0,0,0,0,0,0,0,0,0,0,0,0,0,0,0,0,0,0,0,0,0,0,0,0,0,0,0,0,0,0,0,0,0,0,0,0,0,0,0,0,0,0,133,133,133,0,0,0,133,133,133,133,
133,133,133,0,0,0,133,133,133,133,133,133,0,0,0,133,133,133,133,133,133,133,133,133,133,133,133,133,133,0,0,0,0,0,0,0,0,0,133,133,133,0,0,0,0,133,133,133,133,0,0,0,0,0,0,0,0,0,0,0,0,0,0,0,0,0,0,0,0,0,0,0,0,0,0,0,0,0,0,0,0,0,0,100,0,0,0,100,0,0,0,100,133,133,133,0,0,0,133,133,133,133,
133,133,133,0,0,0,133,133,133,133,133,133,0,0,0,0,0,0,0,0,0,0,0,0,0,0,0,0,0,0,0,0,0,0,0,0,0,0,133,133,133,0,0,0,0,133,133,133,133,0,100,0,0,0,0,0,0,0,0,0,0,0,0,0,0,0,0,0,0,0,0,0,0,0,0,0,0,0,0,0,0,134,135,135,135,135,135,135,135,135,135,135,160,133,133,0,0,0,133,133,133,133,
133,133,133,0,0,0,133,133,133,133,133,133,0,0,0,0,0,0,0,0,0,0,0,0,0,0,0,0,0,0,0,0,0,0,0,0,0,0,133,133,133,0,0,0,0,133,133,161,135,135,135,136,0,0,0,0,0,0,0,0,0,0,0,0,0,0,0,0,0,0,0,0,0,0,0,0,100,0,0,0,0,133,133,133,133,133,133,133,133,133,133,133,133,133,133,0,0,0,133,133,133,133,
133,133,133,0,0,0,133,133,133,133,133,133,100,0,0,100,0,0,100,0,0,0,0,0,0,0,0,0,0,0,0,0,0,0,0,0,0,0,133,133,133,0,0,0,0,133,133,133,133,133,133,133,0,0,0,0,0,0,0,0,0,0,0,0,0,0,0,0,0,0,0,0,0,0,0,0,134,136,0,0,0,0,0,0,0,0,0,0,0,0,0,133,133,133,133,0,0,0,133,133,133,133,
133,133,133,0,0,0,133,133,133,133,133,161,135,135,135,135,135,135,135,136,0,0,0,0,0,0,0,0,0,0,0,0,0,0,0,100,0,0,133,133,133,0,0,0,0,133,133,133,133,133,133,133,0,100,0,0,0,100,0,0,0,100,0,0,0,0,0,0,0,0,0,0,0,0,0,0,133,133,0,0,100,0,0,0,100,0,0,0,100,0,0,133,133,133,133,0,0,0,133,133,133,133,
133,133,133,0,0,0,133,133,133,133,133,133,133,133,133,133,133,133,133,133,0,0,0,0,0,0,0,0,0,0,0,0,0,0,134,135,135,135,160,133,133,0,0,0,0,133,133,133,133,133,133,161,135,135,135,135,135,135,135,135,135,135,136,0,0,0,0,0,0,0,0,0,0,0,0,0,133,161,135,135,135,135,135,135,135,135,135,135,135,135,135,160,133,133,133,0,0,0,133,133,133,133,
133,133,133,0,0,0,133,133,133,133,133,133,133,133,133,133,133,161,135,135,136,0,0,0,0,0,0,0,0,0,0,0,0,0,133,133,133,133,133,133,133,0,0,0,0,133,133,133,133,133,133,133,133,133,133,133,133,133,133,133,133,133,133,0,0,0,0,0,0,0,0,0,0,0,0,0,133,133,133,133,133,133,133,133,133,133,133,133,133,133,133,133,133,133,133,0,0,0,133,133,133,133,
133,133,133,0,0,0,0,0,0,0,0,0,0,0,0,0,0,133,133,133,133,0,0,0,0,0,0,0,0,0,0,0,0,0,133,133,133,133,133,133,133,0,0,0,0,133,133,133,133,133,133,133,133,133,133,133,133,133,133,133,133,133,133,0,0,0,0,0,0,0,100,0,0,0,0,0,0,0,0,0,0,0,0,0,0,0,0,0,0,0,0,0,133,133,133,0,0,0,133,133,133,133,
133,133,133,0,0,0,0,0,0,0,0,0,0,0,0,0,0,0,0,0,0,0,0,0,100,0,0,0,0,0,0,0,0,0,0,0,0,0,0,0,0,0,0,0,0,133,133,133,133,133,133,133,133,133,133,133,133,133,133,133,133,133,133,0,0,0,0,0,0,134,135,136,0,0,0,0,0,0,0,0,0,0,0,0,0,0,0,0,0,0,0,0,133,133,133,0,0,0,133,133,133,133,
133,133,133,0,0,0,0,0,0,0,0,0,0,0,0,0,0,0,0,0,0,0,0,134,135,136,0,0,0,0,0,0,0,0,0,0,0,0,0,0,0,0,0,0,0,0,0,0,0,0,0,0,0,0,0,0,0,0,0,0,0,0,0,0,0,0,0,0,0,133,133,133,0,0,0,0,0,0,0,0,0,0,0,0,0,0,0,0,0,0,0,0,0,0,0,0,0,0,133,133,133,133,
133,133,133,0,0,0,0,0,0,0,0,0,0,0,0,0,0,0,0,0,0,0,0,133,133,133,0,0,0,0,0,0,0,0,0,0,0,0,0,0,0,0,0,0,0,0,0,0,0,0,0,0,0,0,0,0,0,0,0,0,0,0,0,0,0,0,0,134,135,160,133,133,0,0,0,0,0,0,0,0,0,0,0,0,0,0,0,0,0,0,0,0,0,0,0,0,0,0,133,133,133,133,
133,133,133,0,100,0,0,0,100,0,0,0,100,0,0,0,100,0,0,0,100,0,0,133,133,133,0,0,0,0,0,0,100,0,0,0,100,0,0,0,100,0,0,0,0,0,0,0,0,0,0,0,0,0,0,0,0,0,0,0,0,0,0,100,0,0,100,133,133,133,133,133,100,0,0,0,100,0,0,0,0,0,0,0,100,0,0,0,100,0,0,0,100,0,0,0,100,0,133,133,133,133,
133,161,135,135,135,135,135,135,135,135,135,135,135,135,135,135,135,135,135,135,135,135,135,160,133,133,0,0,0,0,134,135,135,135,135,135,135,135,135,135,135,135,135,136,0,0,0,0,0,0,0,0,0,0,0,0,0,0,0,0,0,134,135,135,135,135,135,160,133,133,133,161,135,135,135,135,135,135,136,0,0,0,0,134,135,135,135,135,135,135,135,135,135,135,135,135,135,135,135,160,133,133,
133,133,133,133,133,133,133,133,133,133,133,133,133,133,133,133,133,133,133,133,133,133,133,133,133,133,0,0,0,0,133,133,133,133,133,133,133,133,133,133,133,133,133,133,0,0,0,0,0,0,0,0,0,0,0,0,0,0,0,0,0,133,133,133,133,133,133,133,133,133,133,133,133,133,133,133,133,133,133,0,0,0,0,133,133,133,133,133,133,133,133,133,133,133,133,133,133,133,133,133,133,133,
133,133,133,133,133,133,133,133,133,133,133,133,133,133,133,133,133,133,133,133,133,133,133,133,133,133,0,0,0,0,133,133,133,133,133,133,133,133,133,133,133,133,133,161,135,135,135,135,135,135,135,135,135,135,135,135,135,135,135,135,135,160,133,133,133,133,133,133,133,133,133,133,133,133,133,133,133,133,161,135,135,135,135,160,133,133,133,133,133,133,133,133,133,133,133,133,133,133,133,133,133,133,
133,133,133,133,133,133,133,133,133,133,133,133,133,133,133,133,133,133,133,133,133,133,133,133,133,133,133,133,133,133,133,133,133,133,133,133,133,133,133,133,133,133,133,133,133,133,133,133,133,133,133,133,133,133,133,133,133,133,133,133,133,133,133,133,133,133,133,133,133,133,133,133,133,133,133,133,133,133,133,133,133,133,133,133,133,133,133,133,133,133,133,133,133,133,133,133,133,133,133,133,133,133

[Object Layer]
type=playerBlue
location=4,2,1,1

[Object Layer]
type=keyGreen
location=77,7,1,1

[Object Layer]
type=spider
location=18,45,1,1

[Object Layer]
type=spider
location=92,17,1,1

[Object Layer]
type=spider
location=94,17,1,1

[Object Layer]
type=spider
location=97,17,1,1

[Object Layer]
type=ghost
location=95,7,1,1

[Object Layer]
type=ghost
location=83,30,1,1

[Object Layer]
type=ghost
location=68,14,1,1

[Object Layer]
type=ghost
location=24,32,1,1

[Object Layer]
type=ghost
location=30,25,1,1

[Object Layer]
type=ghost
location=52,46,1,1

[Object Layer]
type=ghost
location=24,38,1,1

[Object Layer]
type=plantGreen
location=38,45,1,1

[Object Layer]
type=plantGreen
location=58,38,1,1

[Object Layer]
type=smasher
location=48,43,1,1

[Object Layer]
type=smasher
location=56,43,1,1

[Object Layer]
type=smasher
location=80,41,1,1

[Object Layer]
type=ghost
location=33,34,1,1

[Object Layer]
type=spider
location=59,21,1,1

[Object Layer]
type=spider
location=64,21,1,1

[Object Layer]
type=ghost
location=62,14,1,1

[Object Layer]
type=spider
location=87,8,1,1

[Object Layer]
type=smasher
location=84,6,1,1

[Object Layer]
type=smasher
location=90,6,1,1

[Object Layer]
type=smasher
location=77,12,1,1

[Object Layer]
type=spider
location=74,24,1,1

[Object Layer]
type=smasher
location=21,24,1,1

[Object Layer]
type=smasher
location=35,42,1,1

[Object Layer]
type=smasher
location=40,42,1,1

[Object Layer]
type=spider
location=86,34,1,1

[Object Layer]
type=smasher
location=51,12,1,1

[Object Layer]
type=plantGreen
location=88,38,1,1

[Object Layer]
type=ghost
location=55,33,1,1

[Object Layer]
type=smasher
location=15,35,1,1

[Object Layer]
type=ghost
location=65,17,1,1

[Object Layer]
type=ghost
location=68,36,1,1

[Object Layer]
type=ghost
location=81,38,1,1

[Object Layer]
type=ghost
location=75,32,1,1

[Object Layer]
type=ghost
location=27,47,1,1

[Object Layer]
type=ghost
location=87,42,1,1

[Object Layer]
type=ghost
location=90,30,1,1

