[header]
width=51
height=20
tilewidth=64
tileheight=64
orientation=orthogonal
background_color=0,0,0,255

[tilesets]
tileset=Github/CS-3113/Final Project/NYUCodebase/Resources/tilesheet_complete.png,64,64,0,0

[layer]
type=Tile Layer 1
data=
0,0,0,0,0,0,0,0,0,0,0,0,0,0,0,0,0,0,0,0,0,0,0,0,0,0,0,0,0,0,0,0,0,0,0,0,0,0,0,0,0,0,0,0,0,0,0,0,0,0,0,
0,0,0,0,0,0,0,0,0,0,0,0,0,0,0,0,0,0,0,0,0,0,0,0,0,0,0,0,0,0,0,0,0,0,0,0,0,0,0,0,0,0,0,0,0,0,0,0,0,0,0,
0,0,0,0,0,0,0,0,0,0,0,0,0,0,0,0,0,0,134,135,136,0,0,0,134,135,136,0,0,0,0,0,0,0,0,0,0,0,0,0,0,0,0,0,0,0,0,0,0,0,0,
0,0,0,0,0,0,0,0,0,0,0,0,0,0,0,0,0,0,133,133,133,0,0,0,133,133,133,0,0,0,0,0,0,0,0,0,0,0,0,0,0,0,0,0,0,0,0,0,0,0,0,
0,0,0,0,0,0,0,0,0,0,0,0,0,0,0,0,0,0,133,133,133,0,0,0,133,133,133,0,0,0,0,0,0,0,0,0,0,0,0,0,0,0,0,0,0,0,0,0,0,0,0,
0,0,0,0,0,0,0,0,0,0,0,0,0,0,0,0,0,0,133,133,133,0,0,0,133,133,133,0,0,0,0,0,0,0,0,0,0,0,0,0,0,0,0,0,0,0,0,0,0,0,0,
0,0,0,0,0,0,0,0,0,0,0,0,0,0,0,0,0,0,133,133,133,0,0,0,133,133,133,0,0,0,0,0,0,0,0,0,0,0,0,0,0,0,0,0,0,0,0,0,0,0,0,
0,0,0,0,0,0,0,0,0,0,0,0,0,0,0,0,0,0,133,133,133,0,0,0,133,133,133,0,0,0,0,0,0,0,0,0,0,0,0,0,0,0,0,0,0,200,201,201,202,0,0,
0,0,0,0,0,0,0,0,0,0,0,0,0,0,0,0,0,0,133,133,133,0,0,0,133,133,133,0,0,0,0,0,0,0,0,0,0,200,201,202,0,0,0,0,0,0,0,0,0,0,0,
0,0,0,0,0,0,0,0,0,0,0,0,0,0,0,0,0,0,133,133,133,0,0,0,133,133,133,0,0,0,0,0,0,0,0,0,0,0,0,0,0,0,0,0,0,0,0,0,0,0,0,
0,0,0,0,0,0,0,0,0,0,0,0,0,0,0,0,0,0,133,133,133,0,0,0,133,133,161,135,135,135,135,135,136,0,0,0,0,0,0,0,0,0,0,0,0,0,0,0,0,0,0,
0,0,0,0,0,0,0,0,0,0,0,0,0,0,0,0,0,0,133,133,133,0,0,0,133,133,133,133,133,133,133,133,133,0,0,0,0,0,0,0,0,200,201,201,202,0,0,0,0,0,0,
0,0,0,0,0,0,0,0,0,0,0,0,0,0,0,0,0,0,133,133,133,0,0,0,133,133,133,133,133,133,133,133,133,0,0,0,0,0,0,0,0,0,0,0,0,0,0,0,0,0,0,
0,0,0,0,0,0,0,0,0,0,0,0,0,0,0,0,0,0,133,133,133,0,0,0,0,0,0,0,0,0,0,0,0,0,0,0,0,0,0,0,0,0,0,0,0,0,0,0,0,0,0,
2,3,3,3,3,3,3,3,3,3,3,3,3,3,4,0,0,0,133,133,133,0,0,0,0,0,0,0,0,0,0,0,0,0,0,0,200,201,201,202,0,0,0,0,0,0,0,0,0,0,0,
1,1,1,1,1,1,1,1,1,1,1,1,1,1,1,0,0,0,133,133,133,0,0,0,0,0,0,0,0,0,0,0,0,0,0,0,0,0,0,0,0,0,0,0,0,0,0,0,0,0,0,
1,1,1,1,1,1,1,1,1,1,1,1,1,1,1,0,0,0,133,133,161,135,135,135,135,135,135,135,135,135,135,135,136,0,0,0,0,0,0,0,0,0,0,0,0,200,201,201,202,0,0,
1,1,1,1,1,1,1,1,1,1,1,1,1,1,1,0,0,0,133,133,133,133,133,133,133,133,133,133,133,133,133,133,133,0,0,0,0,0,0,0,0,0,0,0,0,0,0,0,0,0,0,
1,1,1,1,1,1,1,1,1,1,1,1,1,1,1,0,0,0,133,133,133,133,133,133,133,133,133,133,133,133,133,133,133,0,0,0,0,0,0,0,0,0,0,0,0,0,0,0,0,0,0,
1,1,1,1,1,1,1,1,1,1,1,1,1,1,1,0,0,0,133,133,133,133,133,133,133,133,133,133,133,133,133,133,133,0,0,0,0,0,0,0,0,0,0,0,0,0,0,0,0,0,0

[Object Layer]
type=playerRed
location=6,13,1,1

[Object Layer]
type=playerBlue
location=26,15,1,1

[Object Layer]
type=playerGreen
location=42,10,1,1

[Object Layer]
type=keyGreen
location=28,9,1,1

